6212 1379 6444 1647
286 5338 545 5597
7724 1701 7990 1947
6215 1921 6439 2148
4286 667 4523 889
5382 6059 5633 6338
8694 5508 8917 5756
8734 3901 8993 4156
3413 8241 3645 8487
580 8236 811 8471
5781 995 6025 1212
3743 6567 3963 6816
4008 6910 4230 7159
9805 5840 10000 6100
350 9261 586 9454
7031 5620 7294 5847
6265 3680 6462 3889
1431 5445 1677 5670
7487 4976 7709 5216
3298 6027 3529 6281
6740 3548 6977 3794
2656 8551 2912 8678
6494 1037 6717 1288
8724 6739 8991 6977
7103 4937 7351 5175
5533 5005 5655 5119
4207 9240 4445 9453
934 3213 1178 3458
2438 6719 2687 6951
6116 89 6365 357
8649 1889 8896 2130
5613 5344 5836 5594
7927 3487 8190 3740
3749 3545 3977 3767
5488 6711 5719 6958
2452 1501 2593 1684
2284 3701 2518 3935
5433 1843 5669 2068
5273 1606 5520 1840
4257 6599 4507 6842
4135 8138 4367 8373
4594 4563 4837 4818
453 9454 687 9662
7968 9165 8202 9415
5839 8401 6106 8677
6384 7084 6626 7338
2072 2189 2316 2428
7961 7609 8135 7787
4631 3135 4892 3415
6478 6835 6716 7067
6141 721 6370 933
3685 3210 3928 3415
2089 7213 2337 7468
9209 4875 9440 5084
8777 5087 9028 5327
5767 4982 6018 5201
2195 3447 2450 3681
7825 1463 8077 1688
389 1871 634 2111
751 8551 983 8820
2354 1684 2583 1847
6349 1667 6569 1887
1655 3455 1919 3672
9851 5495 10000 5736
3050 3593 3274 3844
5799 518 6071 768
0 8266 177 8517
4203 3619 4441 3852
2330 8558 2572 8824
7424 1017 7680 1271
9107 4668 9338 4875
8449 5328 8694 5579
9851 676 10000 907
2750 8374 2986 8551
907 9288 1137 9549
5571 8445 5781 8652
9844 907 10000 1128
2937 3132 3157 3317
6849 316 7060 554
3853 5466 4081 5694
7827 6233 8060 6476
3181 3285 3446 3507
9072 7091 9301 7326
7709 5181 7947 5416
2981 5938 3203 6213
2867 2945 3116 3132
7286 179 7533 405
9800 5 9898 91
6431 4765 6660 5038
6501 3322 6754 3548
679 2954 941 3208
2608 1841 2882 2083
8894 8735 9150 8958
2526 4321 2731 4574
8285 9052 8518 9290
2331 1497 2452 1683
5947 3148 6184 3392
2572 8678 2809 8892
9539 8088 9794 8346
7380 9532 7628 9758
2874 6730 3114 6957
1940 6307 2210 6546
9829 1990 10000 2256
8980 3266 9220 3489
9065 8502 9287 8735
2280 0 2533 121
8904 2108 9150 2350
493 2565 719 2802
9614 1975 9829 2216
1124 2138 1363 2396
6865 2299 7103 2511
8864 2598 9107 2837
4800 3750 4874 3818
7658 5496 7912 5736
5538 8260 5755 8445
18 513 261 775
0 3337 164 3606
2552 0 2790 161
